cliprange: 0.1
ent_coef: 1.4430420955386195e-06
gamma: 0.999
lam: 0.9
learning_rate: 0.0009037314744300471
n_steps: 256
noptepochs: 1
