cliprange: 0.4
ent_coef: 0.001419345435795364
gamma: 0.98
lam: 0.95
learning_rate: 0.010864238780296518
n_steps: 2048
nminibatches: 16
noptepochs: 50
